72	72	72	72	72	72	72	72	72	72	72	72	72	72	72	72	72	72	72	72	72	72	65	66	66	66	66	66	66	66	66	66	66	66	66
72	72	72	72	72	72	72	72	72	72	72	72	72	72	72	72	72	72	72	72	72	52	70	66	66	66	66	66	66	66	66	66	66	66	66
72	72	72	72	72	72	72	72	72	72	72	72	72	72	72	72	72	72	72	72	52	70	66	66	66	66	66	66	66	66	66	56	79	79	79
72	72	72	72	72	72	72	72	72	72	72	72	72	72	72	72	72	72	72	72	65	66	66	66	66	66	66	66	66	56	79	80	72	72	72
72	72	72	72	72	72	72	72	72	72	72	72	72	72	72	72	72	72	72	72	78	79	57	66	66	66	66	56	79	80	72	72	72	72	72
72	72	72	72	72	72	72	72	72	72	72	72	72	72	72	72	72	72	72	72	72	72	65	66	66	56	79	80	72	72	72	72	72	72	72
72	72	72	72	72	72	72	72	72	72	72	72	72	72	72	72	72	72	72	72	72	72	78	57	66	67	72	72	72	72	72	72	72	72	72
72	72	72	72	72	72	72	72	72	72	72	72	72	72	72	72	72	72	72	72	72	72	72	65	56	80	72	72	72	72	72	72	72	72	72
72	72	72	72	72	72	72	72	72	72	72	72	72	72	72	72	72	72	72	72	72	72	72	65	67	72	72	72	72	72	72	72	72	72	72
72	72	72	72	72	72	72	72	72	72	72	72	72	72	72	72	72	72	72	72	72	72	72	65	67	72	72	72	72	72	72	72	72	72	72
72	72	72	72	72	72	72	72	72	72	72	72	72	72	72	72	72	72	72	72	72	72	72	78	80	72	72	72	72	72	72	72	72	72	72
72	72	72	72	72	72	72	72	72	72	72	72	72	72	72	72	72	72	72	72	72	72	72	72	72	72	72	72	72	72	72	72	72	72	72
72	72	72	72	72	72	72	72	72	72	72	72	72	72	72	72	72	72	72	72	72	72	72	72	72	72	72	72	72	72	72	72	72	72	72
72	72	72	72	72	72	72	72	72	72	72	72	72	72	72	72	72	72	72	72	72	72	72	72	72	72	72	72	72	72	72	72	72	72	72
72	72	72	72	72	72	72	72	72	72	72	72	72	72	72	72	72	72	72	72	72	72	72	72	72	72	72	72	72	72	72	72	72	72	72
72	72	72	72	72	72	72	72	72	72	72	72	72	72	72	72	72	72	72	72	72	72	72	72	72	72	72	72	72	72	72	72	72	72	72
72	72	72	72	72	72	72	72	72	72	72	72	72	72	72	72	72	72	72	72	72	72	72	72	72	72	72	72	72	72	72	72	72	72	72
72	72	72	72	72	72	72	72	72	72	72	72	72	72	72	72	72	72	72	72	72	72	72	72	72	72	72	72	72	72	72	72	72	72	72
72	72	72	72	72	72	72	72	72	72	72	72	72	72	72	72	72	72	72	72	72	72	72	72	72	72	72	72	72	72	72	72	72	72	72
72	72	72	72	72	72	72	72	72	72	72	72	72	72	72	72	72	72	72	72	72	72	72	72	72	72	72	72	72	72	72	72	72	72	72
72	72	72	72	72	72	72	72	72	72	72	72	72	72	72	72	72	72	72	72	72	72	72	72	72	72	72	72	72	72	72	72	72	72	72
72	72	72	72	72	72	72	72	72	72	72	72	72	72	72	72	72	72	72	72	72	72	72	72	72	72	72	72	72	72	72	72	72	72	72
72	72	72	72	72	72	72	72	72	72	72	72	72	72	72	72	72	72	72	72	72	72	72	72	72	72	72	72	72	72	72	72	72	72	72
72	72	72	72	72	72	72	72	72	72	72	72	72	72	72	72	72	72	72	72	72	72	72	72	72	72	72	72	72	72	72	72	72	72	72
72	72	72	72	72	72	72	72	72	72	72	72	72	72	72	72	72	72	72	72	72	72	72	72	72	72	72	72	72	72	72	72	72	72	72